
%---CR
%---div
surf 582 cone 0.000000 0.000000 127.500000 45.000000 77.942286
surf 581 pz 127.500000
surf 580 pz 144.820000
cell 171 280 fill 1 -582 581 -580 145 148 154 160 151 166 157 163 289 292 298 304 295 310 301 307 1 4 10 16 7 22 13 19 433 436 442 448 439 454 445 451 
%---defuel
surf 589 cylz 0.000000 0.000000 71.000000 492.850000 572.850000
surf 591 pz 492.850000
surf 590 pz 572.850000
cell 177 280 fill 1 -589 591 -590 145 148 154 160 151 166 157 163 289 292 298 304 295 310 301 307 1 4 10 16 7 22 13 19 433 436 442 448 439 454 445 451 
%---ent
surf 577 cylz 0.000000 0.000000 45.000000 41.600000 127.500000
surf 579 pz 41.600000
surf 578 pz 127.500000
cell 169 280 fill 1 -577 579 -578 145 148 154 160 151 166 157 163 289 292 298 304 295 310 301 307 1 4 10 16 7 22 13 19 433 436 442 448 439 454 445 451 
%---conv
surf 588 cone 0.000000 0.000000 492.850000 71.000000 -122.975607
surf 587 pz 430.500000
surf 586 pz 492.850000
cell 175 280 fill 1 -588 587 -586 145 148 154 160 151 166 157 163 289 292 298 304 295 310 301 307 1 4 10 16 7 22 13 19 433 436 442 448 439 454 445 451 
%---act
surf 583 cylz 0.000000 0.000000 35.000000 144.820000 430.500000
surf 585 pz 144.820000
surf 584 pz 430.500000
cell 173 280 fill 1 -583 585 -584 145 148 154 160 151 166 157 163 289 292 298 304 295 310 301 307 1 4 10 16 7 22 13 19 433 436 442 448 439 454 445 451 

%--Graphite
surf 725 inf
cell 264 1 Graphite874 -725
